1013 3 5 1 50 2 40 3 90 4 20 5 60
1550 8 2 4 10 1 20
2008 4 3 1 15 5 30 3 20
1001 3 1 1 20
2109 4 4 3 70 2 80 5 30 1 20
3340 2 3 3 40 5 20 1 25
3554 10 2 3 30 5 40
3333 7 1 5 60
6667 7 4 1 15 5 20 3 10 2 10
8887 8 3 1 20 3 40 5 15
9876 5 2 2 20 4 70
6543 1 4 5 40 3 40 2 40 1 40
3078 6 3 5 15 2 15 1 15
1122 2 5 1 30 3 30 5 30 2 30 4 40
2121 7 1 3 60
3214 8 3 2 40 4 50 1 25
2345 10 2 4 10 2 15
4567 6 3 3 10 4 10 5 10
7902 9 1 2 20
3367 2 1 3 45
7704 2 3 2 15 4 15 5 15
7308 7 4 3 20 4 20 1 20 2 50
8802 4 2 3 25 1 35